# AUS_centers.properties 
# all regions centers (id, lat, long) 

# level 0 
AUS = -31.01162825, 140.158478375

# level 1 
AU-CT = -35.46589, 148.961962
AU-NS = -32.485072, 147.066677
AU-NT = -21.493284, 133.486696
AU-QL = -23.679576, 145.038126
AU-SA = -29.472291, 135.926269
AU-TS = -42.164107, 146.451688
AU-VI = -36.712266, 142.623892
AU-WA = -26.62054, 121.712517

# level 2 
