# GBR_centers.properties 
# all regions centers (id, lat, long) 

# level 0 
GBR = 53.19131580555554, -2.0696146388888885

# level 1 
GB-AVO = 51.601934, -2.049633
GB-BCF = 56.455915, -4.066404
GB-BDF = 51.893073, -0.313901
GB-BER = 51.69688, -1.027197
GB-CHS = 53.188853, -2.537677
GB-CLV = 54.663733, -1.987948
GB-CLW = 52.245185, -3.629282
GB-CMA = 54.609233, -2.867124
GB-CON = 50.725446, -3.881657
GB-DBY = 53.083674, -1.070864
GB-DGY = 55.390862, -4.095065
GB-DOR = 50.990958, -2.639115
GB-EAG = 52.479225, 0.975709
GB-ESS = 51.801361, 0.430671
GB-GRA = 57.261284, -2.476453
GB-GWT = 51.597557, -3.421258
GB-HAM = 51.102996, -1.194023
GB-HEF = 52.08948, -2.689242
GB-HGL = 57.169422, -4.874566
GB-HUM = 53.924614, -0.392293
GB-KEN = 51.197649, 0.584449
GB-LAN = 53.845672, -2.566566
GB-LEC = 52.504943, -0.874499
GB-LIN = 53.115883, -0.301857
GB-LND = 51.503712, -0.121012
GB-MAN = 53.497821, -2.185494
GB-MER = 53.427432, -2.870214
GB-NBL = 55.232511, -1.919478
GB-NIR = 54.681489, -6.449127
GB-NYK = 54.195869, -1.147521
GB-SHR = 52.649479, -2.585652
GB-SRY = 51.08424, -0.466662
GB-SYO = 53.453336, -1.510543
GB-UK = 54.260729, -4.487458
GB-WMI = 52.530503, -1.964254
GB-WYO = 53.734416, -1.832917

# level 2 
