# SAU_centers.properties 
# all regions centers (id, lat, long) 

# level 0 
SAU = 23.567371, 44.919916

# level 1 
SA-0 = 22.995692, 45.851478
SA-02 = 21.92325, 41.739882
SA-03 = 24.195294, 40.425778
SA-04 = 21.148054, 50.422601
SA-05 = 26.033362, 43.309311
SA-06 = 27.439833, 41.511892
SA-07 = 27.816535, 36.316684
SA-08 = 29.602275, 42.668555
SA-09 = 17.297106, 42.806386
SA-10 = 20.122988, 41.465403
SA-12 = 17.91008, 46.115058
SA-2 = 29.75008, 39.77286
SA-4 = 19.315844, 43.061475
SA-NEU = 29.119426, 45.536997
SA-QAY = 29.369487, 37.225407

# level 2 
SA-0-G140001 = 22.995692, 45.851478
SA-02-G090001 = 21.92325, 41.739882
SA-03-G080001 = 24.195294, 40.425778
SA-04-G030001 = 21.148054, 50.422601
SA-05-G120001 = 26.033362, 43.309311
SA-06-G040001 = 27.439833, 41.511892
SA-07-G150001 = 27.816535, 36.316684
SA-08-G110001 = 29.602275, 42.668555
SA-09-G070001 = 17.297106, 42.806386
SA-10-G020001 = 20.122988, 41.465403
SA-12-G100001 = 17.91008, 46.115058
SA-2-G060001 = 29.75008, 39.77286
SA-4-G010001 = 19.315844, 43.061475
SA-NEU-G050001 = 29.119426, 45.536997
SA-QAY-G130001 = 29.369487, 37.225407
